000000331822
000000101456
000000086560
000000553773
000000569314
000000373266
000000080145
000000340179
000000198721
000000552244
000000214046
000000173812
000000032362
000000023541
000000181065
000000356764
000000524975
000000415179
000000282883
000000111245
000000372390
000000270534
000000016355
000000431988
000000454601
000000458654
000000034930
000000002764
000000540681
000000394172
000000571405
000000422328
000000058928
000000057166
000000231450
000000207937
000000079893
000000335027
000000424800
000000379376
000000414279
000000204289
000000261757
000000318157
000000052634
000000522922
000000080756
000000323264
000000173745
000000055891
000000216455
000000321008
000000456572
000000518907
000000211234
000000203940
000000086011
000000445810
000000165492
000000427449
000000083641
000000527783
000000571658
000000451501
000000311521
000000151566
000000355603
000000006748
000000551956
000000184555
000000504005
000000064708
000000148766
000000479916
000000480683
000000245409
000000207548
000000030958
000000056928
000000566704
000000212605
000000154589
000000091883
000000529376
000000267594
000000208618
000000261981
000000024915
000000436014
000000309840
000000373880
000000568531
000000096975
000000232679
000000061315
000000193759
000000425000
000000562916
000000240902
000000036908
000000160610
000000561823
000000312041
000000400178
000000091172
000000483769
000000368875
000000346596
000000007145
000000442489
000000008953
000000261479
000000267710
000000326465
000000229014
000000492246
000000093258
000000007211
000000254706
000000047419
000000420090
000000436539
000000495124
000000549898
000000512387
000000367838
000000537560
000000258136
000000498179
000000009833
000000494498
000000274514
000000039502
000000524681
000000312985
000000503663
000000460812
000000396228
000000386204
000000537512
000000458549
000000320361
000000038933
000000089931
000000519895
000000276413
000000328536
000000117321
000000080180
000000353288
000000116511
000000317730
000000391891
000000358075
000000299325
000000011552
000000460149
000000481124
000000183982
000000026029
000000259248
000000006760
000000303658
000000484816
000000467126
000000241762
000000491837
000000581199
000000026833
000000209957
000000490242
000000035145
000000478052
000000000192
000000169562
000000044385
000000315986
000000282572
000000233446
000000055017
000000282934
000000227612
000000085235
000000504216
000000004309
000000553310
000000473372
000000002411
000000014791
000000046405
000000040404
000000471647
000000133741
000000026725
000000533097
000000048907
000000483494
000000033596
000000093391
000000273416
000000535977
000000232025
000000422127
000000361661
000000360494
000000178847
000000388075
000000068121
000000276244
000000046749
000000574675
000000144971
000000059352
000000260230
000000153495
000000353792
000000357335
000000347884
000000109199
000000300197
000000031470
000000523199
000000415904
000000020651
000000124580
000000532014
000000511624
000000548218
000000334511
000000509555
000000421873
000000462549
000000252943
000000342762
000000034616
000000053236
000000290678
000000291599
000000322268
000000047418
000000073239
000000565203
000000136145
000000118417
000000227245
000000310473
000000107306
000000373075
000000350825
000000045543
000000579667
000000131127
000000274091
000000346214
000000536741
000000364994
000000184157
000000174282
000000560715
000000573869
000000152208
000000491346
000000515202
000000264615
000000566026
000000264537
000000461255
000000165014
000000321866
000000206754
000000031941
000000557339
000000051500
000000086137
000000190585
000000310493
000000180764
000000292394
000000156682
000000051628
000000204987
000000283199
000000114504
000000121181
000000176279
000000310193
000000393094
000000381314
000000247206
000000560909
000000233869
000000541385
000000048604
000000035558
000000449726
000000014036
000000388933
000000418847
000000199331
000000387696
000000205473
000000552112
000000523571
000000348948
000000524535
000000388064
000000003348
000000268512
000000575018
000000446354
000000081012
000000151434
000000546333
000000085803
000000480812
000000547769
000000444794
000000477005
000000437564
000000009520
000000546944
000000134703
000000136917
000000004286
000000485494
000000232093
000000497915
000000212532
000000468934
000000091885
000000534983
000000537497
000000357456
000000463649
000000030062
000000021864
000000480536
000000369529
000000062390
000000404165
000000083580
000000111593
000000258264
000000501957
000000505104
000000211882
000000341087
000000448837
000000135664
000000148282
000000514864
000000482631
000000032206
000000558924
000000201634
000000138100
000000238568
000000461835
000000225731
000000234161
000000510657
000000012735
000000526756
000000296766
000000387900
000000381928
000000133476
000000145926
000000407820
000000275488
000000531575
000000068359
000000303376
000000414115
000000372352
000000330220
000000492402
000000355050
000000143744
000000271461
000000233426
000000134223
000000025158
000000319868
000000520582
000000272155
000000354938
000000094544
000000233017
000000527277
000000128224
000000579188
000000146586
000000498460
000000032295
000000252069
000000462023
000000293510
000000334383
000000444895
000000083262
000000096244
000000033471
000000147012
000000269862
000000463429
000000117789
000000086750
000000441906
000000376193
000000081748
000000448983
000000472436
000000102030
000000073668
000000300943
000000520980
000000088252
000000029356
000000363075
000000281331
000000493081
000000401653
000000277848
000000503739
000000178484
000000434379
000000119113
000000197427
000000311385
000000478320
000000004245
000000119115
000000101315
000000528604
000000323278
000000031375
000000378444
000000052502
000000057843
000000244734
000000406422
000000050563
000000115005
000000423005
000000274240
000000296383
000000228209
000000312199
000000423909
000000106843
000000292543
000000114830
000000377570
000000010705
000000104542
000000006943
000000117327
000000300244
000000272095
000000350331
000000258182
000000141017
000000251206
000000293723
000000077174
000000322090
000000209027
000000372669
000000146861
000000233963
000000095308
000000178951
000000573931
000000181351
000000565077
000000117759
000000208244
000000342639
000000133002
000000384520
000000057481
000000212575
000000206602
000000333231
000000317210
000000534456
000000580930
000000528517
000000354070
000000210683
000000201940
000000392506
000000335440
000000044291
000000424225
000000155790
000000231609
000000466260
000000318857
000000237558
000000421086
000000472502
000000332609
000000273537
000000096445
000000454538
000000259286
000000155319
000000330650
000000412277
000000549098
000000420400
000000288000
000000326414
000000125228
000000133839
000000319221
000000116887
000000165921
000000312247
000000481222
000000018670
000000390483
000000106748
000000056201
000000160614
000000199841
000000205354
000000566432
000000109924
000000510616
000000255898
000000547475
000000375529
000000200056
000000438688
000000520696
000000298799
000000352758
000000007827
000000330403
000000511713
000000393511
000000112882
000000414819
000000348277
000000144746
000000102353
000000450107
000000241844
000000168546
000000532115
000000561856
000000398301
000000009760
000000510827
000000321705
000000084448
000000392392
000000336990
000000190271
000000164565
000000055860
000000043350
000000181562
000000249290
000000179460
000000019129
000000246001
000000222395
000000276135
000000384463
000000418685
000000091275
000000545088
000000413250
000000137745
000000339312
000000346915
000000326373
000000203103
000000141879
000000203021
000000246327
000000066328
000000023807
000000259420
000000423083
000000304557
000000440262
000000067126
000000501742
000000004108
000000485902
000000003001
000000216980
000000323626
000000332292
000000081504
000000418984
000000089598
000000006608
000000014004
000000321410
000000118960
000000267852
000000501039
000000050882
000000230178
000000439865
000000147073
000000550978
000000172135
000000102073
000000509390
000000562150
000000150435
000000460234
000000466627
000000413146
000000321223
000000373747
000000197854
000000317971
000000185328
000000245946
000000426872
000000323646
000000555613
000000200489
000000040830
000000104537
000000255248
000000418074
000000145718
000000545612
000000389065
000000425441
000000514605
000000453926
000000367856
000000551823
000000331395
000000049428
000000099681
000000100008
000000313118
000000261068
000000430950
000000064218
000000193621
000000474268
000000450864
000000127301
000000460916
000000503875
000000156747
000000365768
000000203236
000000479578
000000030289
000000486567
000000199715
000000159280
000000413551
000000332461
000000570465
000000290708
000000287737
000000295875
000000435492
000000040446
000000067765
000000453586
000000181681
000000476738
000000417738
000000324981
000000064236
000000365657
000000545405
000000188723
000000379841
000000554625
000000462324
000000094842
000000574760
000000038305
000000324871
000000401553
000000126657
000000042024
000000067116
000000325787
000000049673
000000388352
000000495525
000000271231
000000490168
000000171192
000000079806
000000446232
000000197591
000000479553
000000406508
000000538821
000000509807
000000139763
000000001290
000000153882
000000256316
000000179025
000000080948
000000550666
000000537727
000000282228
000000581857
000000035783
000000375450
000000050988
000000043073
000000304445
000000203459
000000015262
000000551908
000000499033
000000573501
000000248016
000000225060
000000196061
000000553413
000000502632
000000290761
000000561326
000000017166
000000434859
000000412281
000000208535
000000477435
000000197850
000000152556
000000275723
000000494174
000000041887
000000225282
000000281387
000000447740
000000320936
000000324340
000000195561
000000281961
000000364444
000000211760
000000226577
000000300260
000000269109
000000553253
000000326761
000000089978
000000526196
000000272863
000000172324
000000419560
000000498436
000000535889
000000376776
000000519404
000000038963
000000001645
000000562261
000000081675
000000497194
000000448471
000000349403
000000273001
000000144449
000000513066
000000527375
000000369969
000000152036
000000356827
000000329188
000000096748
000000125769
000000116892
000000574837
000000479501
000000492114
000000369594
000000564951
000000098717
000000168161
000000313779
000000112904
000000567000
000000528127
000000231568
000000389108
000000158345
000000348593
000000295017
000000021281
000000405271
000000040497
000000563436
000000065515
000000205808
000000513744
000000428780
000000349870
000000484751
000000047639
000000536365
000000445814
000000400430
000000485631
000000198796
000000557021
000000469639
000000233319
000000403360
000000303685
000000526737
000000452177
000000087876
000000089643
000000521169
000000491579
000000310391
000000266023
000000072573
000000372443
000000369202
000000334892
000000160498
000000518075
000000491628
000000431306
000000360238
000000008223
000000359876
000000527054
000000263120
000000293611
000000460461
000000445002
000000195151
000000128503
000000547003
000000161919
000000104234
000000247858
000000464751
000000248251
000000362711
000000182317
000000185820
000000472828
000000395269
000000543616
000000333156
000000561004
000000348027
000000269829
000000472557
000000344805
000000200654
000000084277
000000221089
000000044061
000000170485
000000209491
000000018780
000000382979
000000149157
000000400064
000000029473
000000051359
000000216026
000000046580
000000222006
000000445964
000000354559
000000147314
000000150623
000000533978
000000401877
000000499408
000000202739
000000264222
000000289698
000000488942
000000209468
000000196665
000000370926
000000530869
000000162256
000000192053
000000536087
000000089631
000000186822
000000297462
000000027969
000000578092
000000385744
000000536055
000000133384
000000345400
000000222227
000000044138
000000448843
000000469300
000000045237
000000015726
000000055951
000000191226
000000214870
000000182956
000000548726
000000047907
000000203388
000000337528
000000035424
000000364742
000000210000
000000356379
000000032522
000000159424
000000160893
000000451392
000000294090
000000190387
000000061144
000000221165
000000323581
000000145180
000000223764
000000130065
000000091909
000000152782
000000417753
000000407146
000000348907
000000475754
000000105945
000000288075
000000149832
000000525834
000000383958
000000144705
000000471858
000000495445
000000531684
000000395512
000000569867
000000186777
000000413955
000000279265
000000045750
000000169098
000000552072
000000236567
000000527056
000000121716
000000062491
000000050304
000000436580
000000577869
000000128334
000000289460
000000438738
000000175072
000000510063
000000502749
000000233543
000000176263
000000350966
000000122802
000000207349
000000086399
000000120032
000000306207
000000224272
000000275413
000000237137
000000322212
000000161846
000000495810
000000105303
000000364719
000000192023
000000200291
000000048050
000000369546
000000459644
000000372227
000000064621
000000152621
000000037953
000000119146
000000232073
000000467325
000000311324
000000286186
000000239881
000000358653
000000404616
000000007830
000000241557
000000155666
000000427040
000000108238
000000519706
000000042312
000000487349
000000352938
000000308603
000000103496
000000261800
000000224548
000000425400
000000541025
000000214655
000000108051
000000138413
000000334809
000000081749
000000126030
000000347139
000000250917
000000482476
000000280206
000000191000
000000120428
000000253528
000000106652
000000518918
000000330726
000000190002
000000259056
000000307683
000000531710
000000578009
000000531798
000000085886
000000096705
000000115830
000000250966
000000126135
000000306878
000000400726
000000250278
000000529887
000000339597
000000122549
000000264363
000000092683
000000479081
000000498061
000000228572
000000417854
000000375180
000000319449
000000164348
000000101531
000000485632
000000006996
000000164855
000000139856
000000504099
000000269171
000000438373
000000271949
000000414078
000000533619
000000270274
000000435240
000000438349
000000261843
000000313556
000000330223
000000417834
000000511345
000000307603
000000052546
000000548224
000000316669
000000183481
000000250711
000000300322
000000227743
000000063365
000000262204
000000125291
000000464766
000000401425
000000131115
000000261956
000000462801
000000526350
000000561539
000000463070
000000534038
000000525913
000000150538
000000523274
000000025100
000000151396
000000434580
000000395749
000000139258
000000410331
000000539298
000000314849
000000566016
000000120333
000000079394
000000475766
000000524766
000000224045
000000321718
000000328504
000000094823
000000061288
000000441874
000000441599
000000149583
000000303342
000000054294
000000340698
000000130506
000000333703
000000300499
000000296153
000000303101
000000013045
000000432588
000000181344
000000183889
000000160757
000000276797
000000493792
000000514537
000000266383
000000051606
000000368086
000000233395
000000118246
000000571048
000000177085
000000362306
000000334751
000000207481
000000205313
000000449844
000000545679
000000157102
000000480773
000000190313
000000421059
000000002890
000000437947
000000211557
000000256946
000000336101
000000475967
000000356866
000000568947
000000339890
000000563606
000000393178
000000282720
000000191738
000000066241
000000496847
000000544502
000000407221
000000232001
000000267898
000000322922
000000061949
000000188058
000000264769
000000351968
000000275850
000000239114
000000019447
000000391678
000000371873
000000324732
000000013333
000000401232
000000130759
000000193034
000000022326
000000521762
000000434668
000000172509
000000372603
000000054738
000000072657
000000375741
000000401957
000000383267
000000082480
000000094518
000000322943
000000227978
000000488207
000000428301
000000264155
000000271994
000000049643
000000093959
000000259591
000000135412
000000275270
000000487720
000000460446
000000252388
000000430114
000000495233
000000200680
000000020438
000000195351
000000579201
000000050810
000000578841
000000455384
000000185153
000000243861
000000505492
000000330513
000000027787
000000054334
000000571665
000000495683
000000417164
000000477526
000000436843
000000283942
000000113844
000000528938
000000499771
000000509899
000000294605
000000409889
000000161605
000000264618
000000048739
000000122382
000000197507
000000051222
000000432138
000000054001
000000343608
000000371470
000000484282
000000293308
000000009451
000000519209
000000172366
000000430889
000000472164
000000355159
000000259040
000000042472
000000095493
000000257036
000000281922
000000516931
000000269273
000000190760
000000160192
000000319345
000000070265
000000264032
000000412755
000000367552
000000406391
000000402112
000000145523
000000015663
000000353130
000000166503
000000175745
000000451431
000000101476
000000238488
000000123837
000000240950
000000033731
000000251564
000000291742
000000179045
000000287781
000000447588
000000327623
000000468280
000000242246
000000580264
000000118736
000000280833
000000026764
000000270109
000000418175
000000142346
000000279777
000000330040
000000528587
000000003109
000000341397
000000028356
000000165433
000000174028
000000296564
000000232597
000000439518
000000086248
000000569356
000000145685
000000178022
000000575280
000000520342
000000055536
000000105547
000000389036
000000340539
000000054614
000000051324
000000136310
000000054875
000000451856
000000145318
000000341049
000000307758
000000475527
000000275691
000000175126
000000013720
000000505899
000000269927
000000484992
000000185452
000000001804
000000169245
000000153998
000000501625
000000097519
000000471599
000000080123
000000577759
000000255322
000000440554
000000273850
000000548702
000000425964
000000294698
000000072646
000000324112
000000426427
000000259811
000000276549
000000437465
000000380588
000000282339
000000106636
000000040937
000000207043
000000504502
000000001381
000000580822
000000056040
000000253177
000000082874
000000278796
000000018350
000000287998
000000025346
000000021051
000000462383
000000554125
000000224182
000000529886
000000504878
000000476465
000000019528
000000515662
000000547637
000000418221
000000541197
000000571773
000000496525
000000424694
000000131415
000000540912
000000334400
000000465859
000000116356
000000291589
000000172196
000000459668
000000284529
000000530278
000000039040
000000148860
000000343514
000000152269
000000483033
000000438329
000000403305
000000444749
000000518818
000000480914
000000526057
000000256899
000000049549
000000010405
000000509225
000000205274
000000073864
000000115018
000000319576
000000392957
000000393284
000000095295
000000395958
000000434047
000000576803
000000530500
000000551685
000000238140
000000330729
000000356940
000000037039
000000143030
000000315641
000000101243
000000524709
000000173760
000000071206
000000353933
000000521142
000000299349
000000073141
000000035628
000000199969
000000116286
000000098887
000000393682
000000546854
000000083117
000000204777
000000037698
000000094087
000000566849
000000563805
000000151842
000000484884
000000223454
000000222983
000000360982
000000426773
000000435124
000000267388
000000012809
000000462304
000000434385
000000002964
000000399680
000000375875
000000534867
000000265943
000000388744
000000523220
000000388658
000000185656
000000539631
000000171742
000000207378
000000027810
000000443259
000000172094
000000581539
000000519528
000000482731
000000310868
000000492840
000000374800
000000548703
000000273841
000000574456
000000088983
000000573770
000000012146
000000564544
000000200495
000000175057
000000322892
000000432604
000000523358
000000072429
000000181997
000000358901
000000391910
000000139281
000000389264
000000134893
000000498374
000000246641
000000054341
000000038186
000000486391
000000433910
000000575955
000000318974
000000171943
000000418736
000000177090
000000342996
000000512070
000000034900
000000379754
000000417825
000000240195
000000092909
000000176947
000000504827
000000049801
000000188311
000000300454
000000234217
000000333748
000000112295
000000270893
000000188891
000000291725
000000290942
000000115359
000000570203
000000324280
000000580200
000000258020
000000191408
000000132552
000000442666
000000163928
000000086467
000000294813
000000358083
000000332072
000000440500
000000520449
000000465353
000000571805
000000551188
000000484641
000000235253
000000052179
000000289852
000000115743
000000244122
000000295560
000000374288
000000424254
000000295931
000000572260
000000268084
000000081845
000000102319
000000200343
000000441293
000000486415
000000295924
000000023355
000000376385
000000436605
000000081630
000000517920
000000397041
000000339266
000000260465
000000107035
000000441062
000000308592
000000520898
000000112160
000000064310
000000014402
000000413996
000000492535
000000220471
000000308895
000000245209
000000439906
000000304689
000000300052
000000297104
000000345436
000000137571
000000486718
000000062589
000000322119
000000457268
000000474732
000000423093
000000212704
000000390773
000000300273
000000548755
000000546568
000000256284
000000484734
000000087000
000000176374
000000226059
000000242940
000000380828
000000005245
000000185683
000000536321
000000187559
000000370391
000000392260
000000268151
000000244782
000000383329
000000005832
000000279078
000000367332
000000030665
000000259022
000000143958
000000321382
000000524406
000000292905
000000384994
000000123544
000000514875
000000386876
000000307507
000000246095
000000455416
000000262148
000000114701
000000058242
000000484080
000000172669
000000574983
000000149115
000000029096
000000320759
000000559525
000000572675
000000008594
000000162375
000000414984
000000560784
000000331302
000000297877
000000198943
000000515056
000000289658
000000388434
000000560576
000000202906
000000007247
000000526904
000000047451
000000096183
000000145549
000000393193
000000040348
000000157198
000000315973
000000581233
000000443033
000000263734
000000486257
000000240344
000000480345
000000351710
000000298535
000000399095
000000300137
000000336843
000000148263
000000542984
000000360101
000000521543
000000205202
000000352789
000000512769
000000252894
000000413841
000000321802
000000574356
000000338134
000000264992
000000346095
000000407770
000000426525
000000217463
000000183997
000000561875
000000534857
000000075906
000000115226
000000182025
000000138086
000000083275
000000315568
000000051630
000000026162
000000057242
000000503232
000000412419
000000217991
000000273606
000000001085
000000319228
000000114303
000000448139
000000061046
000000365946
000000472942
000000178476
000000048267
000000071015
000000457257
000000275494
000000049369
000000136953
000000575631
000000045259
000000545409
000000091743
000000348274
000000412491
000000380139
000000434951
000000493199
000000538006
000000572804
000000217546
000000423454
000000046090
000000080609
000000104758
000000224610
000000144022
000000055447
000000347328
000000172680
000000212241
000000273102
000000563031
000000002525
000000389400
000000139973
000000268739
000000511814
000000187134
000000411044
000000288161
000000492151
000000290570
000000472922
000000066746
000000187253
000000032954
000000188001
000000393909
000000224958
000000363349
000000475906
000000210416
000000034557
000000120380
000000331426
000000221557
000000222726
000000465123
000000428445
000000119353
000000283329
000000275708
000000076985
000000188946
000000180095
000000068650
000000425582
000000422576
000000116466
000000385684
000000140636
000000157594
000000492079
000000135029
000000432622
000000023957
000000478115
000000122354
000000059817
000000333888
000000073417
000000449781
000000208995
000000356648
000000524257
000000138905
000000197959
000000383917
000000417832
000000504115
000000292301
000000534734
000000297527
000000558668
000000490312
000000209128
000000090010
000000292033
000000231712
000000528243
000000574769
000000458321
000000282711
000000364067
000000208316
000000129813
000000521671
000000060526
000000039548
000000300537
000000256550
000000488693
000000543272
000000297444
000000376372
000000346360
000000491269
000000156628
000000202423
000000443410
000000049586
000000437996
000000166060
000000015851
000000281837
000000528720
000000031286
000000018601
000000410627
000000285799
000000578391
000000338911
000000428847
000000390914
000000362331
000000397358
000000392270
000000514773
000000456146
000000561731
000000360271
000000052437
000000139216
000000010484
000000285978
000000442103
000000497494
000000559252
000000091973
000000433531
000000287386
000000496256
000000347796
000000283638
000000573971
000000326192
000000279961
000000220638
000000478812
000000375004
000000505625
000000403265
000000432873
000000442593
000000079189
000000145994
000000467696
000000425576
000000414002
000000015610
000000254577
000000466097
000000144734
000000153727
000000536103
000000445684
000000507794
000000287974
000000398770
000000412101
000000557731
000000026630
000000364525
000000455400
000000385103
000000250809
000000135676
000000156709
000000321448
000000263346
000000342662
000000444344
000000400139
000000298732
000000460703
000000550365
000000137806
000000281782
000000516624
000000177658
000000269504
000000318497
000000174892
000000087414
000000406215
000000408266
000000448653
000000364125
000000030120
000000142259
000000549112
000000250344
000000447941
000000003580
000000560119
000000351808
000000308701
000000303534
000000115619
000000264712
000000189919
000000221661
000000317521
000000198084
000000004322
000000371005
000000495269
000000262012
000000006327
000000348206
000000448627
000000437464
000000506942
000000540978
000000371051
000000368717
000000118837
000000212261
000000003786
000000085944
000000130524
000000421380
000000094334
000000238070
000000248242
000000493932
000000461445
000000262376
000000248712
000000043851
000000106331
000000099293
000000576702
000000232862
000000212817
000000352841
000000139917
000000143277
000000516212
000000324442
000000007945
000000122597
000000222695
000000429614
000000116358
000000248300
000000263520
000000508872
000000511562
000000378864
000000560754
000000180794
000000539311
000000235760
000000174527
000000494504
000000243910
000000468692
000000557252
000000414338
000000465595
000000480295
000000213215
000000473985
000000138315
000000513861
000000195079
000000144937
000000289816
000000358629
000000460164
000000398093
000000384395
000000097170
000000012754
000000518324
000000249909
000000571516
000000176841
000000265151
000000308089
000000534958
000000208945
000000026734
000000577239
000000148541
000000058325
000000001271
000000370748
000000181367
000000157119
000000143221
000000175611
000000090433
000000032937
000000029601
000000285958
000000086869
000000440822
000000094021
000000155869
000000213220
000000250365
000000209066
000000245757
000000058153
000000331529
000000516401
000000371789
000000344726
000000055594
000000159285
000000226872
000000450748
000000505553
000000471117
000000277971
000000148786
000000152245
000000007414
000000355562
000000502517
000000420608
000000317573
000000543470
000000188189
000000420339
000000264309
000000147586
000000539026
000000051197
000000512989
000000082894
000000140115
000000182927
000000188575
000000540457
000000395365
000000058149
000000262529
000000321064
000000205230
000000061259
000000026454
000000535202
000000208824
000000162283
000000184684
000000480001
000000129855
000000190391
000000456344
000000489415
000000516248
000000348528
000000546171
000000227010
000000369331
000000003148
000000552504
000000394658
000000404602
000000448013
000000169646
000000523346
000000180767
000000549535
000000575293
000000073061
000000487284
000000427548
000000407038
000000180351
000000501762
000000566276
000000254161
000000357386
000000180287
000000110809
000000344276
000000473673
000000307884
000000413776
000000331852
000000270172
000000539934
000000192809
000000356938
000000438629
000000022129
000000457691
000000257149
000000065024
000000157639
000000307156
000000187722
000000066675
000000062067
000000400286
000000494383
000000139108
000000400613
000000001507
000000472256
000000393125
000000340226
000000151848
000000535506
000000014864
000000022863
000000437277
000000562835
000000352290
000000467197
000000357272
000000418808
000000346262
000000310440
000000097568
000000344467
000000243810
000000182424
000000210363
000000081323
000000177775
000000428321
000000091875
000000376882
000000424588
000000316089
000000432293
000000276133
000000226959
000000312020
000000536923
000000365426
000000399392
000000157052
000000370258
000000554668
000000235547
000000518318
000000508749
000000199578
000000350280
000000119834
000000251096
000000559247
000000396685
000000479651
000000329373
000000572554
000000023093
000000011643
000000381163
000000140295
000000250790
000000343823
000000447592
000000484256
000000261305
000000344288
000000251121
000000556057
000000522566
000000070952
000000353006
000000059692
000000439248
000000448145
000000299859
000000210077
000000547875
000000359395
000000441028
000000561006
000000256787
000000056800
000000303253
000000477451
000000383364
000000413616
000000312381
000000359277
000000047667
000000459659
000000377867
000000135397
000000173968
000000375483
000000024434
000000355081
000000339244
000000294100
000000056567
000000128093
000000396780
000000577065
000000107678
000000406954
000000019358
000000101597
000000041345
000000140291
000000474245
000000555357
000000270639
000000453731
000000467411
000000275175
000000524676
000000162033
000000034972
000000275613
000000181867
000000374463
000000304958
000000020307
000000125919
000000347300
000000001098
000000011198
000000324953
000000090351
000000001244
000000234296
000000177167
000000042147
000000201897
000000045153
000000443579
000000216524
000000488634
000000286760
000000299952
000000538580
000000453178
000000494580
000000369259
000000459166
000000366795
000000326182
000000249145
000000289012
000000121358
000000450263
000000280596
000000018893
000000423310
000000441313
000000220037
000000479908
000000043128
000000009488
000000525424
000000385066
000000407626
000000102610
000000021993
000000396030
000000237192
000000484019
000000367260
000000479914
000000452767
000000385533
000000093257
000000309311
000000520475
000000441472
000000469281
000000329543
000000177107
000000307970
000000195578
000000197169
000000171536
000000255244
000000433992
000000066825
000000394271
000000003716
000000091301
000000100722
000000140322
000000007796
000000124935
000000054133
000000507605
000000243796
000000512156
000000121526
000000382890
000000243938
000000199930
000000060425
000000006901
000000018531
000000204051
000000424842
000000421010
000000213412
000000465422
000000426585
000000340547
000000324764
000000207620
000000365123
000000100012
000000423919
000000269983
000000549284
000000117836
000000279850
000000459084
000000008469
000000532669
000000131361
000000014676
000000130555
000000349932
000000050609
000000320480
000000065986
000000173801
000000357391
000000369831
000000450151
000000146638
000000400204
000000509811
000000006488
000000403144
000000036968
000000276151
000000390061
000000009603
000000348087
000000463787
000000414736
000000024159
000000152147
000000405068
000000395364
000000146560
000000104166
000000194184
000000445443
000000029838
000000045829
000000253715
000000373683
000000086435
000000259112
000000398172
000000253487
000000563723
000000399249
000000083850
000000393814
000000114419
000000480917
000000530535
000000343031
000000146972
000000073256
000000043610
000000506311
000000368087
000000048707
000000148129
000000401308
000000084776
000000132102
000000046024
000000409627
000000294283
000000397736
000000386996
000000509292
000000499026
000000530460
000000086476
000000276006
000000139285
000000467528
000000508821
000000380499
000000352418
000000219525
000000012805
000000513944
000000275339
000000350855
000000311715
000000370591
000000091550
000000098390
000000078478
000000072794
000000475488
000000399630
000000306393
000000552276
000000135139
000000233726
000000008841
000000163591
000000533312
000000482574
000000238748
000000041319
000000407698
000000069486
000000337902
000000493148
000000554943
000000504298
000000521200
000000001488
000000359589
000000341017
000000138436
000000047295
000000302855
000000073361
000000295804
000000178175
000000376958
000000468834
000000231806
000000359968
000000144357
000000005947
000000168234
000000103613
000000487471
000000261273
000000213780
000000197327
000000068874
000000130588
000000065329
000000184914
000000258440
000000197827
000000090884
000000264504
000000509691
000000289949
000000237818
000000388940
000000291321
000000503153
000000236111
000000317357
000000237098
000000537620
000000012375
000000220835
000000155937
000000343969
000000413668
000000511239
000000391320
000000023419
000000212934
000000179968
000000178948
000000157158
000000287695
000000229352
000000096034
000000574755
000000444777
000000370162
000000452113
000000363080
000000262900
000000172995
000000158195
000000565834
000000471348
000000314112
000000500408
000000497160
000000488086
000000127360
000000031305
000000005619
000000552740
000000139249
000000014352
000000573360
000000227498
000000482081
000000502482
000000339177
000000215679
000000252759
000000039911
000000096973
000000313724
000000094920
000000482765
000000344361
000000263687
000000284658
000000443218
000000527193
000000385612
000000288933
000000230537
000000268081
000000413538
000000490184
000000313459
000000225352
000000289341
000000473612
000000182997
000000145447
000000043433
000000142866
000000579785
000000215982
000000548875
000000455363
000000228160
000000202168
000000400175
000000201640
000000219164
000000280302
000000482242
000000171809
000000025353
000000570801
000000162801
000000139304
000000549685
000000466491
000000048101
000000011328
000000464715
000000074925
000000494663
000000413971
000000541422
000000075552
000000259886
000000485771
000000352767
000000116625
000000391972
000000247660
000000336994
000000169243
000000563763
000000433554
000000289866
000000005021
000000491664
000000397938
000000496747
000000186276
000000294080
000000210568
000000417597
000000466839
000000350851
000000132585
000000141056
000000080385
000000283874
000000308265
000000157219
000000119923
000000019484
000000081284
000000304125
000000569610
000000014244
000000387150
000000145638
000000475043
000000305366
000000001596
000000455211
000000051079
000000202171
000000224508
000000271924
000000542453
000000541725
000000525933
000000293703
000000451283
000000501258
000000315268
000000163128
000000411738
000000173208
000000094774
000000428310
000000330699
000000059933
000000097543
000000257576
000000193095
000000543830
000000543239
000000330663
000000479008
000000330990
000000384592
000000065043
000000551869
000000250576
000000306636
000000106229
000000443278
000000462027
000000470172
000000421346
000000232051
000000520933
000000183398
000000329387
000000397467
000000191515
000000206492
000000536729
000000189880
000000313705
000000027326
000000537879
000000114790
000000276057
000000138040
000000228580
000000173544
000000093724
000000107846
000000213148
000000210221
000000097039
000000123457
000000502084
000000311205
000000192290
000000357096
000000214852
000000543330
000000019783
000000144430
000000535106
000000366256
000000204609
000000334609
000000158362
000000020632
000000128460
000000528811
000000523026
000000568240
000000123764
000000068159
000000048737
000000502012
000000006811
000000188735
000000169683
000000148329
000000231341
000000211604
000000001144
000000297787
000000429745
000000555687
000000463803
000000203846
000000160276
000000134206
000000319492
000000437756
000000485757
000000438894
000000408445
000000214523
000000113745
000000007124
000000163598
000000368041
000000337814
000000159400
000000209701
000000218204
000000469392
000000352877
000000185559
000000501820
000000076122
