000000323264
000000425441
000000555357
000000267985
000000541197
000000403144
000000514605
000000144705
000000081323
000000038186
000000324871
000000343514
000000066825
000000546854
000000468280
000000086560
000000560436
000000173801
000000474446
000000200056
000000042472
000000528720
000000349403
000000244782
000000434951
000000316669
000000261757
000000348593
000000081748
000000199841
000000147073
000000244387
000000293723
000000147012
000000514773
000000188058
000000122597
000000346178
000000123764
000000159424
000000475967
000000068159
000000477263
000000168234
000000043128
000000497915
000000535889
000000114830
000000289698
000000181997
000000204759
000000061144
000000524676
000000071345
000000026162
000000104542
000000259022
000000250809
000000530278
000000007211
000000556152
000000086884
000000312020
000000290708
000000521142
000000554943
000000045829
000000085944
000000310868
000000224182
000000300052
000000413841
000000289460
000000322922
000000394658
000000482765
000000275413
000000300260
000000262012
000000190387
000000367332
000000214655
000000347884
000000243910
000000230537
000000021993
000000506311
000000426872
000000252069
000000195561
000000155869
000000504115
000000052546
000000561326
000000096034
000000448471
000000492151
000000340539
000000245757
000000478052
000000130506
000000460446
000000341017
000000295875
000000297877
000000330726
000000266627
000000034779
000000060526
000000082874
000000115018
000000055447
000000421538
000000036968
000000200843
000000211557
000000248016
000000392957
000000368086
000000565834
000000528811
000000094021
000000420090
000000501625
000000452168
000000047451
000000460149
000000152556
000000364994
000000215982
000000112160
000000047295
000000094087
000000061949
000000563436
000000395269
000000550365
000000566026
000000108238
000000094317
000000359277
000000156682
000000016355
000000385744
000000269109
000000543830
000000048907
000000307884
000000443259
000000574424
000000192023
000000321705
000000270109
000000400613
000000475766
000000512989
000000258136
000000372390
000000200654
000000254706
000000259886
000000051630
000000169098
000000511713
000000534867
000000465353
000000182317
000000508592
000000315568
000000353288
000000485771
000000221661
000000467325
000000367552
000000395364
000000363349
000000404616
000000134703
000000267710
000000480683
000000026454
000000537727
000000140636
000000561599
000000290942
000000477451
000000239114
000000445684
000000001144
000000283859
000000013045
000000336900
000000209468
000000051663
000000078478
000000080123
000000048604
000000050609
000000264618
000000143221
000000012754
000000541025
000000324981
000000497494
000000495124
000000383917
000000505625
000000403360
000000142259
000000540978
000000212817
000000135412
000000313556
000000532669
000000451431
000000537560
000000546171
000000046090
000000319492
000000487021
000000391910
000000298535
000000569203
000000559247
000000050304
000000194576
000000531684
000000129037
000000125769
000000285978
000000437756
000000396030
000000352758
000000405068
000000394271
000000144734
000000217991
000000223454
000000204987
000000385684
000000268739
000000560754
000000437465
000000535977
000000169243
000000115743
000000152079
000000326192
000000521169
000000235760
000000565077
000000164348
000000428445
000000119113
000000519053
000000209066
000000257576
000000065024
000000340179
000000105547
000000037616
000000463429
000000505492
000000501039
000000177085
000000224508
000000193034
000000104166
000000548224
000000130295
000000188735
000000047418
000000479553
000000388225
000000342996
000000346596
000000273850
000000116511
000000288000
000000580200
000000306878
000000051079
000000219525
000000421298
000000439518
000000181681
000000222726
000000414736
000000188311
000000266383
000000437464
000000152208
000000157639
000000343823
000000578841
000000417597
000000181367
000000049586
000000294813
000000476738
000000395512
000000444794
000000034854
000000547879
000000169066
000000023419
000000484282
000000357391
000000431306
000000224272
000000204609
000000040830
000000192053
000000145318
000000080145
000000212934
000000144937
000000131115
000000222475
000000512387
000000549098
000000009451
000000047639
000000270172
000000330223
000000323581
000000411738
000000334400
000000068874
000000424800
000000199715
000000406215
000000538580
000000462027
000000400178
000000446354
000000388031
000000258182
000000443218
000000507421
000000472942
000000307757
000000529661
000000515662
000000205808
000000367856
000000523346
000000168161
000000155790
000000289658
000000283638
000000545405
000000080609
000000049369
000000342762
000000093257
000000139249
000000236567
000000206492
000000204777
000000315092
000000027540
000000040348
000000271994
000000009833
000000356827
000000485494
000000372352
000000457085
000000048737
000000293308
000000276797
000000491837
000000180287
000000375450
000000011328
000000332411
000000025346
000000336843
000000313459
000000006943
000000051500
000000024434
000000228580
000000048267
000000101531
000000331395
000000513066
000000044291
000000352789
000000557339
000000451856
000000351968
000000550978
000000307156
000000552112
000000412281
000000498179
000000345400
000000276151
000000344361
000000090010
000000560119
000000472502
000000548218
000000471348
000000460234
000000169646
000000294283
000000063365
000000518318
000000281790
000000546046
000000417164
000000226059
000000151566
000000331822
000000432588
000000287737
000000118514
000000261956
000000143958
000000547475
000000499829
000000106748
000000482631
000000163128
000000408266
000000051222
000000317981
000000036273
000000275494
000000308265
000000001596
000000005619
000000042147
000000447588
000000415594
000000477016
000000128977
000000335440
000000317521
000000076122
000000481222
000000208824
000000332292
000000575018
000000519209
000000038305
000000006811
000000573501
000000268084
000000465859
000000407820
000000327623
000000029838
000000090433
000000374463
000000198721
000000045543
000000300454
000000086399
000000202806
000000510827
000000433830
000000407146
000000047667
000000525834
000000304958
000000281387
000000575293
000000273416
000000185559
000000029473
000000536365
000000330403
000000479008
000000182025
000000537532
000000523026
000000362306
000000400726
000000387900
000000208945
000000058153
000000163598
000000536055
000000313724
000000255248
000000406391
000000399680
000000140115
000000322268
000000473075
000000079394
000000191738
000000475527
000000440822
000000413538
000000444749
000000043610
000000004963
000000287781
000000122354
000000360494
000000176374
000000385612
000000310518
000000263346
000000334751
000000406508
000000341621
000000227978
000000494383
000000019129
000000545409
000000151434
000000220835
000000514864
000000518075
000000215481
000000353933
000000203846
000000516248
000000263687
000000459166
000000031470
000000165921
000000234217
000000289866
000000259286
000000537512
000000523818
000000513944
000000138100
000000138315
000000374288
000000207937
000000546333
000000346095
000000373266
000000376776
000000197169
000000149115
000000384520
000000527783
000000423310
000000230061
000000107846
000000209701
000000339312
000000161846
000000273537
000000447941
000000285958
000000445443
000000014036
000000482574
000000146638
000000152147
000000228572
000000541725
000000199578
000000152782
000000194727
000000560576
000000041345
000000084277
000000108859
000000314849
000000055594
000000075871
000000166060
000000024159
000000321008
000000580930
000000383267
000000074925
000000423083
000000391320
000000261479
000000537879
000000289012
000000150435
000000036460
000000375509
000000037698
000000189880
000000198084
000000299325
000000451283
000000504005
000000463070
000000547637
000000270893
000000510063
000000528938
000000573931
000000551908
000000291321
000000373683
000000232679
000000357071
000000493932
000000473985
000000336994
000000283874
000000130555
000000384994
000000393193
000000303101
000000058928
000000294090
000000454538
000000478906
000000524406
000000272026
000000234040
000000427548
000000241762
000000370926
000000516401
000000094544
000000581857
000000224548
000000520933
000000413971
000000292394
000000147314
000000294051
000000006748
000000420339
000000442103
000000233726
000000137967
000000428310
000000172324
000000343992
000000136917
000000499026
000000307603
000000210683
000000021281
000000207378
000000247840
000000308089
000000201897
000000181344
000000034930
000000337814
000000115005
000000081504
000000490168
000000527277
000000318974
000000577239
000000471647
000000407373
000000222006
000000479081
000000213412
000000137745
000000310493
000000256946
000000412939
000000280833
000000240685
000000111593
000000373880
000000543239
000000134893
000000570801
000000455363
000000388933
000000256899
000000049801
000000338134
000000353792
000000295931
000000145685
000000369594
000000487720
000000144971
000000169683
000000002982
000000045750
000000245409
000000315176
000000163591
000000213780
000000277848
000000238568
000000331302
000000030120
000000290570
000000487284
000000535106
000000534983
000000289949
000000250344
000000407038
000000464715
000000463649
000000413955
000000119146
000000289816
000000494580
000000213148
000000201069
000000091275
000000523199
000000523358
000000107678
000000015663
000000093748
000000330513
000000332072
000000536321
000000348528
000000519706
000000329373
000000420400
000000118417
000000464766
000000467939
000000542984
000000147586
000000196525
000000232025
000000178022
000000054133
000000520401
000000577869
000000419076
000000122802
000000112904
000000458654
000000180767
000000348206
000000330729
000000471858
000000341087
000000052437
000000054875
000000321991
000000222983
000000166503
000000145447
000000246095
000000045281
000000262148
000000465422
000000472164
000000180794
000000333748
000000160610
000000027326
000000064310
000000205313
000000259248
000000048101
000000174892
000000581233
000000503232
000000004245
000000139917
000000483374
000000325362
000000422328
000000035558
000000013333
000000550666
000000037953
000000365768
000000146861
000000299952
000000277775
000000073239
000000012805
000000384395
000000071206
000000210568
000000015726
000000006327
000000273606
000000284529
000000370591
000000269829
000000157594
000000527375
000000096705
000000269983
000000155319
000000479651
000000144022
000000449781
000000377570
000000077174
000000221089
000000023541
000000537497
000000468934
000000369259
000000312199
000000148860
000000329387
000000329188
000000282720
000000372603
000000421346
000000091885
000000505104
000000182927
000000011552
000000440262
000000335860
000000230567
000000506942
000000121525
000000172366
000000434385
000000204051
000000498374
000000286186
000000146979
000000368875
000000200018
000000036908
000000484992
000000355603
000000188946
000000502084
000000073668
000000360101
000000389036
000000381163
000000087633
000000401232
000000389108
000000331370
000000262376
000000443673
000000018780
000000456344
000000231609
000000377867
000000284658
000000003786
000000479916
000000004108
000000014676
000000248242
000000339244
000000388064
000000448983
000000054294
000000578092
000000552504
000000109924
000000081012
000000432873
000000507794
000000306636
000000313705
000000133002
000000568318
000000519404
000000089266
000000372227
000000491346
000000049428
000000311385
000000380139
000000571665
000000043851
000000554410
000000044827
000000483033
000000497194
000000423892
000000376958
000000417832
000000292033
000000173208
000000238070
000000378461
000000244122
000000215679
000000372669
000000360982
000000190002
000000425400
000000061315
000000093724
000000134460
000000548726
000000436605
000000272155
000000072429
000000552740
000000138436
000000094774
000000534958
000000275339
000000370391
000000197854
000000023807
000000138413
000000213220
000000031305
000000502632
000000308895
000000532014
000000237818
000000537620
000000438688
000000401957
000000137583
000000536087
000000394172
000000294605
000000397358
000000407770
000000473612
000000569314
000000527054
000000455416
000000447592
000000276006
000000096748
000000505899
000000449726
000000008223
000000451392
000000135139
000000233426
000000365295
000000340226
000000356406
000000469300
000000171809
000000250278
000000281331
000000355050
000000064708
000000228160
000000203021
000000139973
000000092683
000000410627
000000199930
000000119834
000000257149
000000096183
000000279961
000000033731
000000092909
000000399249
000000360238
000000242246
000000103806
000000370162
000000188575
000000453178
000000504216
000000549112
000000479508
000000313779
000000334892
000000466627
000000398770
000000018601
000000565203
000000257036
000000221557
000000339177
000000480295
000000039911
000000542453
000000438738
000000305366
000000295804
000000502749
000000133384
000000486257
000000227743
000000144430
000000295376
000000149157
000000086011
000000069486
000000336990
000000108649
000000190313
000000466491
000000188854
000000553413
000000437947
000000030958
000000171742
000000148786
000000222831
000000432138
000000330650
000000425000
000000377738
000000539934
000000393178
000000199969
000000433992
000000188189
000000348801
000000035145
000000484751
000000315973
000000319221
000000238748
000000300499
000000054334
000000442489
000000002411
000000433910
000000371786
000000318147
000000573869
000000293703
000000176279
000000561006
000000544502
000000313617
000000282066
000000072794
000000475043
000000263759
000000150623
000000500703
000000524975
000000450748
000000091550
000000018350
000000413776
000000363080
000000312381
000000488086
000000190271
000000098887
000000376372
000000102319
000000304445
000000035571
000000347139
000000383364
000000519528
000000536504
000000303342
000000187134
000000324340
000000467126
000000296763
000000072657
000000154589
000000194184
000000261843
000000319868
000000436539
000000458321
000000079806
000000162033
000000066328
000000426428
000000403265
000000341049
000000233543
000000205202
000000123457
000000243861
000000035628
000000145994
000000090351
000000026029
000000165492
000000307683
000000296766
000000569610
000000306611
000000551082
000000146560
000000371051
000000264222
000000560784
000000145926
000000281782
000000087876
000000115226
000000295924
000000001098
000000400139
000000356764
000000441472
000000272095
000000003001
000000073417
000000455211
000000040404
000000003716
000000160498
000000156709
000000473372
000000549535
000000128334
000000521762
000000466097
000000443056
000000216455
000000143744
000000071015
000000386996
000000505553
000000428301
000000308603
000000494195
000000091394
000000242940
000000100722
000000165433
000000178948
000000455400
000000562261
000000139763
000000563606
000000243810
000000076645
000000267898
000000300244
000000299688
000000375180
000000367838
000000383958
000000049673
000000544709
000000251121
000000537335
000000142346
000000001085
000000462304
000000353130
000000441062
000000201640
000000247858
000000206859
000000014864
000000160614
000000152202
000000554125
000000264992
000000291599
000000125919
000000520342
000000224610
000000090884
000000315268
000000450864
000000512769
000000363120
000000332461
000000499771
000000477383
000000241557
000000365426
000000524718
000000429614
000000225731
000000429745
000000141017
000000023957
000000520449
000000407626
000000260230
000000240902
000000128503
000000407221
000000555687
000000356379
000000094842
000000102030
000000398287
000000054341
000000533097
000000480812
000000180351
000000096244
000000282572
000000332609
000000230178
000000256284
000000573360
000000171192
000000165803
000000555722
000000059933
000000262204
000000477526
000000211234
000000496747
000000453731
000000007945
000000124970
000000136145
000000396572
000000388434
000000057166
000000330040
000000212704
000000321718
000000313118
000000250365
000000492402
000000287366
000000089631
000000343031
000000003109
000000455610
000000380828
000000436580
000000322892
000000318857
000000521671
000000483769
000000027969
000000214046
000000155937
000000200680
000000452031
000000366256
000000399392
000000070265
000000576089
000000014402
000000067126
000000539311
000000037039
000000563723
000000530535
000000543330
000000511345
000000536923
000000298799
000000222395
000000161919
000000324442
000000056800
000000465123
000000025353
000000118837
000000212241
000000010705
000000005245
000000400408
000000401721
000000031941
000000183051
000000492535
000000009760
000000300137
000000019528
000000344467
000000400286
000000233483
000000290678
000000546568
000000287335
000000306393
000000507945
000000516212
000000569356
000000266023
000000156232
000000320957
000000322212
000000059352
000000237558
000000038933
000000484281
000000383329
000000352938
000000311205
000000370748
000000253528
000000502517
000000200343
000000116356
000000485491
000000509807
000000294080
000000183666
000000261273
000000081317
000000234296
000000475488
000000008953
000000545088
000000089643
000000560909
000000229352
000000511624
000000061259
000000436221
000000163710
000000433370
000000471117
000000183398
000000445810
000000368729
000000494663
000000355415
000000246706
000000560715
000000109199
000000370369
000000320759
000000012375
000000300322
000000574692
000000493081
000000503739
000000513861
000000209128
000000233395
000000393284
000000406422
000000041319
000000116286
000000049549
000000488693
000000480914
000000499408
000000421086
000000541385
000000490629
000000224958
000000183982
000000417753
000000297787
000000306866
000000552244
000000205274
000000091172
000000348277
000000210000
000000032954
000000062067
000000117349
000000375875
000000364444
000000579201
000000056928
000000434580
000000157158
000000126657
000000576549
000000503153
000000032362
000000293611
000000445814
000000044138
000000260664
000000134618
000000571773
000000276244
000000249290
000000080948
000000326465
000000290761
000000287920
000000246641
000000160757
000000271461
000000212605
000000389400
000000324112
000000161605
000000255898
000000515202
000000051197
000000425964
000000090196
000000052179
000000081284
000000295560
000000104758
000000572260
000000488942
000000179460
000000279078
000000390773
000000261068
000000487349
000000486567
000000035424
000000114419
000000001645
000000123544
000000220471
000000275691
000000007830
000000275613
000000171536
000000183123
000000259112
000000535506
000000316089
000000365657
000000056567
000000551956
000000059692
000000148282
000000125291
000000471599
000000444744
000000073141
000000088983
000000469731
000000380284
000000525913
000000009520
000000511239
000000059817
000000565954
000000319345
000000460916
000000212074
000000250711
000000121181
000000346915
000000401553
000000015610
000000322943
000000253004
000000178476
000000119115
000000050563
000000511814
000000479914
000000316708
000000126135
000000432604
000000254161
000000309840
000000405271
000000281922
000000201940
000000124935
000000044061
000000018893
000000218204
000000169947
000000065515
000000438629
000000391891
000000310440
000000311715
000000098390
000000159280
000000318157
000000482731
000000426525
000000351808
000000258264
000000006488
000000385172
000000531575
000000559525
000000300273
000000417825
000000422576
000000276133
000000199331
000000170476
000000364719
000000159285
000000324280
000000217546
000000270534
000000330220
000000566016
000000509811
000000253487
000000443579
000000375529
000000417854
000000306207
000000454601
000000002890
000000397736
000000462549
000000128093
000000413146
000000106843
000000489415
000000566432
000000048047
000000413668
000000398172
000000244734
000000396685
000000256316
000000576849
000000156747
000000538821
000000263120
000000159400
000000185452
000000040937
000000564270
000000216133
000000227245
000000391972
000000274091
000000567453
000000393682
000000064218
000000101597
000000333231
000000352877
000000526196
000000135676
000000579667
000000307138
000000368087
000000283329
000000423454
000000279850
000000524257
000000488634
000000187722
000000030062
000000356940
000000110809
000000312247
000000291725
000000518918
000000475906
000000300197
000000053236
000000080385
000000498061
000000054013
000000574769
000000426585
000000497444
000000514018
000000525424
000000436014
000000028356
000000478812
000000334609
000000215618
000000097170
000000572554
000000100012
000000245946
000000439865
000000278983
000000183374
000000441874
000000122264
000000008594
000000261800
000000428847
000000504298
000000562150
000000279777
000000212575
000000093959
000000413616
000000509899
000000418984
000000380588
000000271490
000000496531
000000456146
000000507782
000000031286
000000140322
000000246001
000000144357
000000562916
000000212532
000000484080
000000354070
000000389065
000000034900
000000578391
000000463739
000000548875
000000149832
000000277971
000000350280
000000083262
000000094334
000000020307
000000064621
000000348948
000000010484
000000492079
000000536103
000000393125
000000320480
000000017166
000000516022
000000514984
000000418221
000000467197
000000399095
000000172995
000000457691
000000369331
000000145718
000000153882
000000567000
000000055017
000000214852
000000089978
000000097568
000000157119
000000148263
000000118960
000000436843
000000297104
000000531710
000000533312
000000030665
000000331529
000000559252
000000485106
000000176841
000000212627
000000202423
000000343969
000000414279
000000003580
000000162256
000000227612
000000014244
000000310193
000000509390
000000334275
000000134223
000000346214
000000379754
000000432293
000000545679
000000067765
000000137724
000000485631
000000196665
000000032522
000000125228
000000448139
000000388744
000000518324
000000193095
000000350331
000000079893
000000469281
000000093258
000000180764
000000575751
000000461835
000000283199
000000102073
000000382979
000000558668
000000133476
000000444777
000000382890
000000209957
000000119353
000000260465
000000035783
000000057481
000000075552
000000045259
000000203103
000000354559
000000321064
000000540457
000000250576
000000337902
000000548702
000000139216
000000543470
000000264363
000000558635
000000300537
000000136953
000000527056
000000351710
000000499369
000000158345
000000437277
000000181065
000000099681
000000532115
000000484019
000000233446
000000172680
000000252759
000000322119
000000193621
000000120032
000000357386
000000365946
000000365123
000000185820
000000237192
000000364525
000000165014
000000225282
000000140291
000000039040
000000350825
000000522922
000000472828
000000401877
000000238488
000000213215
000000251206
000000297527
000000440554
000000566276
000000207043
000000197591
000000255244
000000321223
000000251096
000000548029
000000197327
000000045237
000000535202
000000487471
000000287695
000000115830
000000445964
000000098717
000000009353
000000352418
000000282228
000000237098
000000026764
000000519895
000000495269
000000326182
000000121358
000000554625
000000160276
000000317357
000000169562
000000094823
000000169245
000000062491
000000137571
000000000192
000000539793
000000264769
000000441906
000000404165
000000188001
000000281837
000000222227
000000307507
000000453926
000000526904
000000247660
000000352290
000000549284
000000000605
000000147211
000000180095
000000106636
000000276057
000000552072
000000534975
000000172669
000000501258
000000186822
000000175611
000000271924
000000188723
000000493199
000000046580
000000291589
000000385066
000000472256
000000026630
000000376385
000000200495
000000270639
000000054738
000000112295
000000540912
000000101315
000000432622
000000259056
000000461445
000000414002
000000491664
000000550237
000000423488
000000164565
000000175072
000000397041
000000240344
000000441293
000000015851
000000443033
000000001507
000000117789
000000094920
000000131361
000000420608
000000415179
000000326761
000000566704
000000179045
000000458549
000000435492
000000297997
000000125978
000000147609
000000275270
000000141879
000000471468
000000568531
000000011643
000000022326
000000327983
000000189452
000000071407
000000371789
000000393909
000000520898
000000312041
000000521914
000000148541
000000448653
000000261305
000000381928
000000303253
000000119923
000000428321
000000249251
000000233963
000000561823
000000561856
000000528243
000000033471
000000202906
000000207620
000000551685
000000158195
000000308701
000000492114
000000359395
000000388658
000000571658
000000390483
000000050882
000000484734
000000190585
000000434379
000000130524
000000275708
000000404602
000000105945
000000259040
000000203673
000000294100
000000022863
000000280206
000000520980
000000116892
000000097039
000000529887
000000441028
000000384486
000000350966
000000259595
000000018531
000000561539
000000243796
000000239881
000000423909
000000378444
000000233319
000000050988
000000151848
000000073434
000000579785
000000144746
000000514537
000000375741
000000117836
000000355159
000000367951
000000400430
000000310473
000000384027
000000235253
000000007124
000000520199
000000490184
000000222695
000000041887
000000007827
000000412755
000000317210
000000333291
000000384463
000000115359
000000462383
000000273102
000000393511
000000491579
000000446232
000000478132
000000397225
000000321942
000000571516
000000057242
000000006996
000000162801
000000581539
000000035825
000000304689
000000494498
000000440500
000000481124
000000493792
000000494504
000000376882
000000284770
000000576702
000000406047
000000492840
000000357272
000000270865
000000130759
000000321410
000000430889
000000047907
000000256787
000000317237
000000253715
000000485902
000000024915
000000055536
000000426427
000000085235
000000566823
000000543616
000000528127
000000574675
000000022129
000000509292
000000033830
000000562835
000000187253
000000524681
000000052634
000000086750
000000269862
000000248251
000000040497
000000003348
000000285821
000000303658
000000247206
000000208995
000000121716
000000374800
000000114504
000000371005
000000339266
000000278411
000000107035
000000497160
000000157102
000000131127
000000573770
000000427069
000000438373
000000477005
000000526737
000000572804
000000087414
000000381314
000000302855
000000564951
000000426773
000000460703
000000561875
000000438894
000000205473
000000132552
000000390914
000000376193
000000575432
000000173544
000000314112
000000216980
000000148724
000000539298
000000125218
000000101243
000000549898
000000530500
000000424225
000000338911
000000029342
000000277284
000000269927
000000243938
000000568947
000000309311
000000289341
000000231341
000000574356
000000116358
000000347796
000000080756
000000443410
000000322090
000000350619
000000410331
000000534456
000000273841
000000105027
000000303534
000000433531
000000422127
000000130065
000000005832
000000008469
000000264504
000000299859
000000395958
000000484256
000000507605
000000465595
000000068359
000000145039
000000184157
000000253177
000000057843
000000006608
000000495683
000000359968
000000368717
000000462023
000000273001
000000143277
000000235547
000000113745
000000397938
000000425582
000000135397
000000231450
000000460164
000000051628
000000305538
000000159427
000000472436
000000421010
000000175126
000000334809
000000066675
000000563031
000000575631
000000136310
000000414819
000000418808
000000517920
000000025158
000000271949
000000006760
000000153495
000000084776
000000552276
000000299349
000000326414
000000245209
000000499033
000000551823
000000533452
000000001381
000000185153
000000046405
000000557081
000000527193
000000388940
000000417738
000000430114
000000367260
000000435240
000000511562
000000275488
000000518818
000000211882
000000202168
000000157219
000000488207
000000424254
000000214386
000000389264
000000219164
000000359589
000000015653
000000172135
000000262529
000000423005
000000462833
000000317971
000000421059
000000174527
000000073256
000000118780
000000086435
000000501762
000000350851
000000516931
000000088252
000000292905
000000375004
000000387696
000000283942
000000526756
000000023093
000000512070
000000546944
000000292543
000000380522
000000004322
000000577759
000000170485
000000401425
000000526675
000000523274
000000574456
000000153727
000000016382
000000185328
000000173760
000000427040
000000081630
000000209491
000000116625
000000211604
000000030289
000000175057
000000106331
000000081845
000000143030
000000484816
000000177090
000000387150
000000361661
000000509691
000000415904
000000079189
000000181867
000000043433
000000438329
000000417834
000000174282
000000319449
000000263734
000000366795
000000208535
000000545612
000000275175
000000137806
000000345436
000000081749
000000520582
000000048050
000000185656
000000352841
000000398301
000000100008
000000468834
000000556057
000000086467
000000348087
000000065329
000000203236
000000401308
000000348907
000000498460
000000437996
000000212197
000000193557
000000547808
000000265943
000000007414
000000287974
000000364125
000000150208
000000083117
000000115619
000000182997
000000402112
000000198943
000000212261
000000208244
000000568240
000000264615
000000467528
000000569867
000000326373
000000324513
000000414078
000000566849
000000091909
000000348027
000000400064
000000168546
000000020438
000000046024
000000362711
000000470172
000000104537
000000085886
000000182424
000000285799
000000152036
000000533619
000000091301
000000151396
000000449844
000000009603
000000083275
000000448627
000000530460
000000496525
000000259811
000000344276
000000549685
000000459084
000000214870
000000097519
000000070952
000000058242
000000032295
000000246312
000000349932
000000258440
000000311324
000000002964
000000005947
000000456572
000000296033
000000495233
000000264660
000000328536
000000357335
000000418736
000000551869
000000574755
000000412419
000000271906
000000086137
000000236111
000000206754
000000188891
000000015262
000000178484
000000033596
000000275723
000000124580
000000557021
000000292301
000000323626
000000329543
000000563763
000000526225
000000547875
000000205230
000000333888
000000392392
000000003148
000000553253
000000054001
000000383419
000000157052
000000257058
000000491269
000000344726
000000413250
000000293510
000000318219
000000073061
000000495445
000000543272
000000149583
000000152621
000000192809
000000187054
000000390328
000000340547
000000459644
000000356938
000000274514
000000509555
000000409627
000000085803
000000120380
000000534038
000000573971
000000346360
000000580264
000000418847
000000418685
000000005021
000000541422
000000193759
000000472922
000000461255
000000433554
000000490242
000000347300
000000340698
000000103496
000000448837
000000287998
000000294698
000000323278
000000379841
000000267594
000000055951
000000319576
000000032888
000000177658
000000282711
000000296153
000000056201
000000523220
000000547769
000000528587
000000482242
000000498436
000000343608
000000233017
000000020632
000000139108
000000226872
000000139281
000000501742
000000158362
000000250790
000000264032
