000000267985
000000290761
000000222006
000000357391
000000207043
000000268084
000000258182
000000274091
000000519209
000000296766
000000233963
000000204987
000000319492
000000212197
000000072657
000000312041
000000161846
000000370926
000000332609
000000313459
000000223454
000000275270
000000261273
000000073668
000000290708
000000305538
000000133002
000000448837
000000052179
000000115359
000000479008
000000198943
000000193050
000000285978
000000566016
000000034930
000000064708
000000344276
000000289949
000000076122
000000380828
000000296033
000000348277
000000303342
000000344726
000000139763
000000002964
000000471599
000000308265
000000319449
000000126657
000000213780
000000053236
000000557021
000000444794
000000289866
000000415594
000000200495
000000394271
000000309840
000000541197
000000376385
000000141017
000000045281
000000168963
000000276006
000000027540
000000130506
000000351968
000000348801
000000180764
000000048267
000000192023
000000300273
000000248204
000000281922
000000490242
000000266627
000000185452
000000249290
000000139917
000000542984
000000225282
000000519706
000000407373
000000309311
000000008469
000000514018
000000161919
000000340547
000000139108
000000227612
000000538580
000000343004
000000393284
000000386996
000000291589
000000002602
000000119834
000000038305
000000357272
000000181367
000000003870
000000418808
000000242246
000000277284
000000199969
000000093258
000000479950
000000288000
000000309386
000000098034
000000086011
000000515202
000000561856
000000428310
000000335440
000000159427
000000075001
000000511345
000000435492
000000536365
000000396030
000000265943
000000509691
000000527783
000000531710
000000569203
000000343608
000000477383
000000188891
000000417738
000000475527
000000086435
000000232679
000000003947
000000499937
000000541643
000000055466
000000273416
000000365946
000000536055
000000562261
000000037616
000000480588
000000364125
000000275488
000000117836
000000210683
000000340171
000000224958
000000482392
000000321410
000000548029
000000043433
000000425441
000000037953
000000532669
000000115830
000000483611
000000438329
000000350825
000000401308
000000555722
000000322943
000000574755
000000334077
000000427548
000000324280
000000423310
000000581857
000000331370
000000208945
000000456572
000000051222
000000360494
000000324112
000000406391
000000320137
000000045750
000000136310
000000543616
000000485494
000000527375
000000211604
000000057242
000000291321
000000180287
000000001144
000000067126
000000462383
000000329502
000000536321
000000245757
000000049428
000000550666
000000407820
000000242721
000000233446
000000386527
000000441293
000000313118
000000091885
000000499408
000000233483
000000093959
000000020438
000000066825
000000105547
000000121358
000000284770
000000458321
000000274514
000000562150
000000158195
000000533619
000000136953
000000330923
000000524676
000000098390
000000545088
000000339266
000000450864
000000423005
000000224272
000000106508
000000200680
000000487284
000000325362
000000043610
000000165492
000000243938
000000230061
000000192809
000000061949
000000140636
000000074583
000000383329
000000258264
000000350331
000000069008
000000139249
000000369243
000000259286
000000015851
000000556152
000000532115
000000233543
000000162033
000000469731
000000442205
000000116031
000000372583
000000477005
000000229352
000000118837
000000243926
000000063365
000000565203
000000185559
000000561539
000000281331
000000528938
000000220471
000000570801
000000384994
000000015726
000000180794
000000198558
000000026029
000000181065
000000287335
000000035558
000000547875
000000090884
000000193759
000000238568
000000299688
000000270534
000000566823
000000004245
000000506141
000000234217
000000338134
000000454538
000000050304
000000339244
000000124615
000000041319
000000409652
000000496531
000000372603
000000184157
000000526756
000000561875
000000466097
000000104977
000000345100
000000350619
000000201640
000000144746
000000283199
000000497194
000000007827
000000313779
000000247840
000000414736
000000367856
000000340179
000000473985
000000343514
000000276244
000000535977
000000518818
000000090010
000000224548
000000240902
000000127622
000000010705
000000418984
000000563723
000000521142
000000046024
000000165014
000000180095
000000415179
000000569356
000000222983
000000362711
000000005947
000000211234
000000380798
000000359277
000000368970
000000522782
000000158876
000000171180
000000293723
000000350851
000000356827
000000086750
000000446354
000000333748
000000055447
000000134618
000000106019
000000091909
000000091550
000000419076
000000299859
000000054133
000000455363
000000081842
000000472922
000000263734
000000571773
000000185777
000000561599
000000572804
000000207937
000000233017
000000237098
000000390068
000000102987
000000227245
000000504115
000000157594
000000571279
000000262148
000000104166
000000461835
000000243796
000000018041
000000580264
000000144937
000000006608
000000208535
000000001381
000000412566
000000093724
000000182507
000000529887
000000354070
000000553253
000000121716
000000203236
000000395512
000000338558
000000523220
000000197854
000000228160
000000566026
000000054334
000000157158
000000271994
000000420339
000000120380
000000476303
000000521169
000000468834
000000305450
000000108698
000000575018
000000005832
000000019129
000000296153
000000460149
000000538242
000000398770
000000357829
000000100008
000000471858
000000271924
000000483769
000000097519
000000443218
000000389108
000000399249
000000534038
000000406215
000000426428
000000467197
000000144430
000000137724
000000365295
000000236111
000000268739
000000513944
000000234916
000000238748
000000152147
000000417834
000000438894
000000056928
000000541385
000000012805
000000264032
000000035825
000000046580
000000475766
000000549112
000000201940
000000023419
000000043895
000000228580
000000356938
000000484751
000000501625
000000523358
000000341049
000000488207
000000478132
000000119353
000000183374
000000507794
000000250711
000000162256
000000023807
000000068359
000000460916
000000326814
000000487349
000000173570
000000366256
000000285958
000000075552
000000210568
000000494580
000000416733
000000459084
000000134460
000000443033
000000491579
000000080756
000000321209
000000492535
000000242940
000000120032
000000104537
000000360101
000000300052
000000539934
000000505492
000000023541
000000093748
000000177085
000000452168
000000055594
000000202906
000000573911
000000292394
000000548224
000000401232
000000169066
000000181267
000000134893
000000160610
000000002890
000000467939
000000153495
000000157639
000000373880
000000492079
000000221661
000000036968
000000015663
000000436580
000000140322
000000291599
000000093257
000000277775
000000040830
000000543470
000000177666
000000241762
000000089978
000000206859
000000091998
000000367552
000000334751
000000297104
000000539298
000000212605
000000442489
000000402977
000000548702
000000444749
000000463739
000000205202
000000028547
000000173208
000000214852
000000025158
000000187134
000000032295
000000365768
000000079806
000000379754
000000284658
000000001507
000000188854
000000455211
000000130759
000000415933
000000059933
000000030289
000000097039
000000511239
000000132578
000000448983
000000369259
000000146638
000000144357
000000390483
000000488693
000000289698
000000573501
000000190585
000000267710
000000352290
000000549471
000000118514
000000317210
000000074013
000000452031
000000212704
000000312199
000000535106
000000470364
000000330403
000000032362
000000444777
000000380477
000000347590
000000284529
000000003716
000000355415
000000182424
000000522922
000000397358
000000222695
000000073141
000000264504
000000347884
000000020307
000000486567
000000307507
000000578841
000000528243
000000317971
000000273537
000000308701
000000520933
000000575751
000000382979
000000437464
000000555687
000000315176
000000413616
000000278411
000000393511
000000345914
000000457133
000000085803
000000525424
000000478415
000000348907
000000398301
000000239881
000000273841
000000391910
000000424370
000000352841
000000490629
000000399095
000000083953
000000453731
000000330650
000000244734
000000084277
000000287920
000000321718
000000537532
000000036908
000000026162
000000052437
000000530500
000000461255
000000170476
000000145685
000000331302
000000147211
000000022690
000000485502
000000079189
000000332461
000000174282
000000222395
000000508592
000000515210
000000545405
000000079893
000000140291
000000304958
000000417164
000000311715
000000379070
000000214046
000000414279
000000250809
000000465422
000000560143
000000421059
000000022863
000000574692
000000546854
000000289012
000000320480
000000048907
000000239114
000000368086
000000327623
000000077174
000000262012
000000326761
000000341017
000000569867
000000031470
000000441028
000000576089
000000019528
000000268260
000000175072
000000276151
000000319221
000000026764
000000449781
000000482242
000000017166
000000552163
000000071407
000000581233
000000209957
000000428445
000000523818
000000565954
000000133476
000000145994
000000212635
000000573770
000000574769
000000420608
000000177090
000000044291
000000574424
000000495445
000000183982
000000306636
000000300260
000000023879
000000445810
000000321991
000000479651
000000189880
000000580200
000000204777
000000260664
000000326414
000000341087
000000099598
000000297997
000000391940
000000047295
000000180366
000000367260
000000410331
000000451856
000000194576
000000118417
000000139468
000000424254
000000143470
000000485106
000000150435
000000263687
000000283329
000000188946
000000302855
000000498436
000000171742
000000043851
000000465595
000000257036
000000115226
000000064621
000000200343
000000279777
000000290678
000000027969
000000547475
000000088252
000000340539
000000349932
000000362117
000000289341
000000119115
000000195561
000000387696
000000197327
000000418685
000000230650
000000056201
000000356764
000000147073
000000485631
000000190002
000000456344
000000437277
000000427040
000000172135
000000560576
000000287366
000000493199
000000009760
000000436539
000000240685
000000471468
000000054294
000000262376
000000563031
000000290942
000000547081
000000031329
000000501742
000000458549
000000549284
000000399392
000000519528
000000031286
000000491837
000000484019
000000460703
000000091275
000000163598
000000403360
000000146805
000000433370
000000198198
000000081845
000000009520
000000294813
000000250278
000000412755
000000537497
000000173544
000000226872
000000322268
000000143030
000000246001
000000554410
000000378461
000000094087
000000195809
000000000605
000000311205
000000049673
000000454601
000000081630
000000421086
000000346915
000000253264
000000473075
000000024434
000000347300
000000523274
000000001085
000000360238
000000307757
000000156709
000000548218
000000397938
000000213412
000000489415
000000250344
000000272155
000000477263
000000060526
000000426773
000000094823
000000247072
000000322892
000000040037
000000233726
000000335690
000000086137
000000159530
000000146861
000000148263
000000322119
000000426427
000000196665
000000159346
000000208995
000000318219
000000240344
000000255244
000000283859
000000385066
000000332072
000000026454
000000501258
000000001645
000000277848
000000144022
000000188001
000000295924
000000307156
000000158345
000000420090
000000410627
000000330220
000000114830
000000181133
000000212627
000000070952
000000202168
000000367332
000000551869
000000022129
000000033471
000000336990
000000275494
000000105027
000000225731
000000261800
000000471117
000000135139
000000316089
000000524406
000000450111
000000044776
000000362306
000000552276
000000527054
000000560784
000000324340
000000360870
000000551823
000000530278
000000543830
000000048737
000000047907
000000527691
000000230567
000000400408
000000052546
000000543272
000000432622
000000559235
000000256899
000000080145
000000394658
000000313705
000000330726
000000369601
000000384486
000000275613
000000567453
000000040348
000000461983
000000491346
000000340039
000000080609
000000052634
000000167525
000000145318
000000107678
000000511713
000000246312
000000197169
000000523026
000000566319
000000543330
000000018350
000000014244
000000319345
000000310518
000000563606
000000080471
000000220666
000000109825
000000576702
000000300197
000000207378
000000086560
000000233426
000000168234
000000334809
000000217793
000000422127
000000132874
000000245946
000000526225
000000013333
000000134506
000000056800
000000014864
000000525913
000000510063
000000388658
000000578391
000000162801
000000529950
000000457691
000000261305
000000050563
000000390773
000000471647
000000264363
000000151434
000000557345
000000091172
000000562916
000000237192
000000054001
000000050609
000000363120
000000412281
000000388744
000000381163
000000303534
000000407626
000000433531
000000359589
000000521762
000000511814
000000276797
000000549098
000000348593
000000478906
000000187054
000000148541
000000326182
000000073061
000000464766
000000142346
000000384520
000000420692
000000036204
000000501762
000000537727
000000125291
000000393193
000000507782
000000510827
000000482631
000000110621
000000336994
000000490184
000000048398
000000518324
000000272026
000000385744
000000083117
000000130065
000000055951
000000026501
000000055536
000000004963
000000433554
000000121181
000000024159
000000399510
000000455610
000000231838
000000160614
000000224508
000000509811
000000078477
000000479914
000000157119
000000244387
000000227978
000000187722
000000404602
000000330729
000000472828
000000130524
000000371789
000000352418
000000544502
000000298799
000000188189
000000404165
000000251096
000000315092
000000213215
000000520401
000000180351
000000462304
000000563436
000000345436
000000551956
000000329373
000000165433
000000119146
000000466627
000000488086
000000414078
000000185328
000000008594
000000016355
000000388434
000000482765
000000355678
000000208244
000000407146
000000269109
000000091301
000000010324
000000200654
000000352877
000000368875
000000560909
000000032888
000000204609
000000333888
000000160498
000000163591
000000193034
000000509390
000000102319
000000440500
000000081317
000000422536
000000212523
000000199930
000000478052
000000412442
000000367951
000000255898
000000511179
000000521671
000000097568
000000546944
000000194184
000000469300
000000034900
000000036273
000000011643
000000223401
000000042472
000000124970
000000357335
000000495683
000000418221
000000528127
000000343823
000000393125
000000001596
000000269829
000000069486
000000322922
000000310193
000000204507
000000048604
000000438688
000000307138
000000292033
000000148860
000000375450
000000397225
000000495124
000000498460
000000376372
000000025353
000000248251
000000271490
000000253177
000000058928
000000421346
000000085566
000000169962
000000128503
000000421298
000000527056
000000496747
000000132223
000000143277
000000484090
000000519053
000000560436
000000033830
000000205274
000000412815
000000343992
000000007124
000000247206
000000472502
000000081748
000000467126
000000339058
000000494498
000000223414
000000026630
000000056567
000000049549
000000269983
000000251206
000000574675
000000096183
000000304445
000000166711
000000306866
000000044138
000000171192
000000373266
000000156232
000000122802
000000204051
000000390328
000000259022
000000117349
000000264222
000000058242
000000537620
000000551908
000000406508
000000252731
000000185656
000000173801
000000092909
000000303253
000000201069
000000264618
000000498061
000000519404
000000547879
000000350280
000000094842
000000197591
000000122264
000000400286
000000253487
000000073239
000000270865
000000147122
000000034854
000000229002
000000496525
000000129037
000000171809
000000096705
000000294051
000000338911
000000575293
000000305366
000000280206
000000238488
000000376193
000000014402
000000073434
000000318157
000000432604
000000123457
000000163128
000000266383
000000287998
000000307603
000000300499
000000551031
000000373683
000000033731
000000391891
000000379841
000000550365
000000137745
000000231609
000000244122
000000558635
000000031773
000000168161
000000068874
000000035628
000000545409
000000152621
000000126135
000000261479
000000264660
000000221557
000000418847
000000136145
000000218204
000000423454
000000018893
000000123964
000000396572
000000006811
000000193095
000000428035
000000414002
000000434379
000000365426
000000021281
000000355603
000000371051
000000312381
000000564270
000000103806
000000156891
000000339177
000000466202
000000091666
000000046090
000000117789
000000577869
000000346095
000000303101
000000361051
000000003786
000000009353
000000129719
000000393909
000000081323
000000018601
000000374288
000000092170
000000528587
000000567000
000000568318
000000388031
000000128093
000000334400
000000299952
000000324995
000000569314
000000164348
000000275413
000000475043
000000259595
000000116892
000000431432
000000048047
000000403421
000000395958
000000261068
000000179045
000000534983
000000123764
000000547769
000000516212
000000423488
000000437947
000000004259
000000153882
000000531684
000000084183
000000479916
000000227947
000000402112
000000359395
000000071015
000000107035
000000081284
000000509807
000000562835
000000222831
000000277971
000000487471
000000271949
000000191738
000000171536
000000210000
000000022326
000000472293
000000545679
000000497160
000000371005
000000125978
000000172366
000000108859
000000487720
000000562623
000000492151
000000319868
000000579201
000000007830
000000297220
000000506942
000000281790
000000094859
000000198721
000000040497
000000440262
000000023957
000000521914
000000100012
000000069971
000000152036
000000316708
000000401553
000000484080
000000415904
000000426585
000000300537
000000376776
000000378444
000000088983
000000170485
000000216133
000000293308
000000047624
000000259056
000000473171
000000429614
000000451392
000000479553
000000051628
000000395364
000000085886
000000371786
000000212241
000000315973
000000330513
000000579785
000000199578
000000300137
000000323626
000000200018
000000090351
000000231341
000000144734
000000351710
000000122851
000000372227
000000105622
000000458654
000000252069
000000018802
000000115005
000000573753
000000233395
000000348528
000000447941
000000131127
000000506740
000000024915
000000433910
000000516248
000000408966
000000094409
000000134703
000000102030
000000314112
000000328536
000000536087
000000089631
000000342958
000000549898
000000505625
000000086467
000000217991
000000118960
000000380449
000000293703
000000357071
000000155937
000000323581
000000370162
000000421010
000000383364
000000497494
000000261843
000000331395
000000460234
000000065329
000000248016
000000188311
000000457085
000000243861
000000070265
000000429745
000000324442
000000094774
000000499033
000000480683
000000207620
000000007414
000000294100
000000147609
000000334609
000000047667
000000466491
000000041887
000000455416
000000307884
000000287781
000000445964
000000035783
000000405271
000000234040
000000159424
000000289658
000000497444
000000057481
000000456991
000000536654
000000054013
000000320957
000000295931
000000200843
000000485902
000000376958
000000511562
000000109199
000000172669
000000307683
000000262514
000000316669
000000178476
000000554125
000000321705
000000175126
000000484256
000000482574
000000375180
000000346360
000000446232
000000151566
000000227743
000000256316
000000259112
000000199331
000000233319
000000390914
000000371847
000000504216
000000128334
000000295875
000000520898
000000578092
000000219164
000000292905
000000523346
000000045829
000000314849
000000306611
000000055017
000000477451
000000430114
000000114504
000000484734
000000490624
000000006996
000000222475
000000475906
000000333231
000000348206
000000491664
000000124246
000000353792
000000529661
000000259248
000000186822
000000484281
000000363349
000000287737
000000388933
000000396691
000000059692
000000119113
000000271461
000000124580
000000542221
000000473372
000000326373
000000262529
000000106843
000000092683
000000249251
000000372794
000000458134
000000102073
000000327983
000000526675
000000526904
000000133384
000000154589
000000305576
000000312020
000000212532
000000119923
000000158362
000000340226
000000422328
000000035145
000000198084
000000013045
000000493081
000000276057
000000098887
000000531575
000000215982
000000536923
000000264992
000000231450
000000059352
000000211557
000000447592
000000428847
000000263346
000000557339
000000178022
000000247660
000000434580
000000152208
000000485771
000000074925
000000110809
000000087633
000000475488
000000353288
000000423892
000000176841
000000156747
000000185153
000000273606
000000156682
000000251121
000000031305
000000159280
000000160276
000000094317
000000317521
000000494504
000000329387
000000102446
000000146560
000000285019
000000176785
000000142259
000000147012
000000491269
000000453332
000000342996
000000456146
000000426705
000000151848
000000465353
000000259040
000000094021
000000049801
000000514984
000000019142
000000313556
000000317237
000000552819
000000329543
000000356379
000000215618
000000546333
000000188575
000000135676
000000472942
000000081012
000000514773
000000148282
000000310868
000000566276
000000499369
000000188058
000000169243
000000308895
000000167621
000000332292
000000380284
000000507945
000000272095
000000411738
000000324981
000000042147
000000116358
000000122354
000000115619
000000034779
000000548726
000000212817
000000505104
000000283874
000000318147
000000286186
000000575432
000000451431
000000003109
000000064310
000000494195
000000451283
000000506311
000000179460
000000250576
000000190271
000000560715
000000377867
000000300322
000000504298
000000364994
000000355050
000000211882
000000041345
000000534867
000000087414
000000397736
000000574456
000000559995
000000194208
000000044827
000000311385
000000071345
000000030062
000000062067
000000203846
000000468280
000000139216
000000270172
000000494383
000000257058
000000432873
000000243910
000000137571
000000494663
000000571516
000000157219
000000178948
000000535506
000000321223
000000439518
000000380139
000000132552
000000315568
000000051630
000000433830
000000347796
000000370369
000000200056
000000205473
000000115018
000000049586
000000289460
000000546568
000000143958
000000400139
000000138315
000000282711
000000392957
000000138100
000000159400
000000059910
000000051197
000000012754
000000279078
000000147314
000000263759
000000486257
000000326465
000000231895
000000073832
000000212261
000000006488
000000303069
000000405068
000000008223
000000039040
000000536504
000000155319
000000181625
000000568947
000000006327
000000006943
000000033596
000000516401
000000243810
000000248242
000000441472
000000520449
000000509555
000000155869
000000406047
000000356406
000000460446
000000400178
000000534917
000000392392
000000125919
000000427069
000000153727
000000307379
000000488942
000000176374
000000512769
000000533452
000000311324
000000204759
000000290570
